[[1.0,                  0.3678794620049444,  0.3678794598963786,
0.3678794577753969,  0.36787945867956334, 0.3678794569058306,
0.36787945713438436, 0.3678794574672241,  0.36787945673253414,
0.36787945977345965, 0.36787945612875983, 0.36787946107209313,
0.3678794534805278,  0.36787945687296664, 0.3678794600476013,
0.3678794639143208,  0.36787946421775986, 0.3678794588677571,
0.36787945713235704, 0.36787945878229145, 0.36787946155576684,
0.36787946300574614, 0.36787945769496855, 0.367879461506606,
0.3678794550946592,  0.3678794613983914,  0.36787945569575364,
0.36787946042219444, 0.36787946112561926, 0.3678794615804409 ],
[0.3678794620049444,  1.0,                  0.36787946169263314,
0.36787946913067465, 0.36787946034308155, 0.3678794567516389,
0.36787945739147204, 0.3678794587561638,  0.36787945650381604,
0.36787948499933076, 0.36787945605390554, 0.3678794688567105,
0.3678794535662273,  0.36787945695050234, 0.3678794611934278,
0.36787946826847473, 0.3678794771275641,  0.36787946134948296,
0.3678794580899843,  0.3678794589689296,  0.3678794813784296,
0.3678794653769027,  0.3678794573580585,  0.3678794826376938,
0.3678794555533299,  0.3678794864687562,  0.3678794560647954,
0.36787946062630233, 0.36787946259234156, 0.36787946437966157],
[0.3678794598963786,  0.36787946169263314, 1.0,
0.36787945862507054, 0.3678794591193976,  0.3678794555469235,
0.3678794558791415,  0.36787945736310146, 0.36787945505851566,
0.36787946069058175, 0.36787945490577495, 0.3678794605322395,
0.36787945264865096, 0.3678794557325803,  0.36787945889374546,
0.3678794632085091,  0.3678794637590735,  0.3678794597719314,
0.36787945662253874, 0.3678794574457266,  0.3678794616256086,
0.3678794619655285,  0.3678794563076675,  0.3678794618186647,
0.36787945473754785, 0.36787946214715234, 0.3678794549923841,
0.3678794589835736,  0.36787946079202083, 0.3678794614628297 ],
[0.3678794577753969,  0.36787946913067465, 0.36787945862507054,
1.0,                  0.36787945782887793, 0.3678794545940188,
0.36787945522526994, 0.3678794568890575,  0.3678794534951583,
0.3678794691346456,  0.36787945430948377, 0.3678794641565621,
0.3678794526660065,  0.36787945483380585, 0.36787945702538083,
0.36787946313001957, 0.3678794702294268,  0.36787945890142765,
0.3678794549427354,  0.36787945627201873, 0.36787947006046073,
0.3678794607059337,  0.36787945520793147, 0.36787946875075656,
0.3678794541672006,  0.3678794691795691,  0.3678794547664713,
0.3678794570705866,  0.36787945917837,    0.3678794593475623 ],
[0.36787945867956334, 0.36787946034308155, 0.3678794591193976,
0.36787945782887793, 1.0,                  0.3678794550805364,
0.36787945551846946, 0.3678794574130253,  0.36787945407591877,
0.3678794592005369,  0.36787945474646155, 0.3678794593039248,
0.3678794527205845,  0.3678794551591767,  0.3678794576433568,
0.36787946133700467, 0.36787946162649826, 0.367879460450576,
0.3678794556606412,  0.3678794569266919,  0.36787946033234925,
0.3678794600715867,  0.3678794560093405,  0.3678794602109442,
0.36787945494463037, 0.36787946040668335, 0.3678794545830856,
0.36787945808147104, 0.36787946033084074, 0.3678794599257102 ],
[0.3678794569058306,  0.3678794567516389,  0.3678794555469235,
0.3678794545940188,  0.3678794550805364,  1.0,
0.3678794562927579,  0.36787945497291213, 0.3678794558790109,
0.36787945615063683, 0.36787945608711875, 0.3678794562431823,
0.3678794529715876,  0.3678794584238908,  0.36787945689028345,
0.3678794586304739,  0.3678794587317726,  0.3678794553540387,
0.3678794556970197,  0.3678794580007068,  0.36787945784310927,
0.36787945693281227, 0.367879457700272,   0.3678794565844789,
0.36787945414574114, 0.3678794567247811,  0.36787945454729254,
0.36787945762774354, 0.3678794576169888,  0.3678794568532814 ],
[0.36787945713438436, 0.36787945739147204, 0.3678794558791415,
0.36787945522526994, 0.36787945551846946, 0.3678794562927579,
1.0,                  0.36787945524516286, 0.36787945509404557,
0.3678794569821748,  0.3678794556918397,  0.36787945671328326,
0.3678794529809425,  0.3678794567092569,  0.36787945701936914,
0.36787945920883075, 0.36787945949798767, 0.36787945594566235,
0.3678794560286875,  0.3678794580375368,  0.36787945947546435,
0.36787945681869744, 0.36787945642005304, 0.3678794572290124,
0.3678794548655761,  0.36787945725762106, 0.3678794551686674,
0.3678794576587295,  0.36787945776331504, 0.36787945760371726],
[0.3678794574672241,  0.3678794587561638,  0.36787945736310146,
0.3678794568890575,  0.3678794574130253,  0.36787945497291213,
0.36787945524516286, 1.0,                  0.3678794537576024,
0.3678794581197449,  0.367879454406549,   0.3678794576916514,
0.36787945291129404, 0.36787945538676164, 0.3678794574691102,
0.36787945999213784, 0.3678794601862768,  0.367879457698512,
0.3678794554643214,  0.36787945753997575, 0.36787945915325604,
0.36787945840079345, 0.36787945539283196, 0.3678794585093415,
0.367879454228694,   0.367879458645383,   0.36787945412547757,
0.367879456884659,   0.3678794582723954,  0.3678794588358133 ],
[0.36787945673253414, 0.36787945650381604, 0.36787945505851566,
0.3678794534951583,  0.36787945407591877, 0.3678794558790109,
0.36787945509404557, 0.3678794537576024,  1.0,
0.3678794554042502,  0.36787945456563054, 0.36787945569769925,
0.3678794524207433,  0.3678794560858532,  0.36787945675113903,
0.3678794590823872,  0.3678794588556995,  0.3678794545921596,
0.3678794555581053,  0.36787945633429026, 0.36787945658358195,
0.36787945633512587, 0.3678794552663508,  0.3678794561544184,
0.36787945301431474, 0.36787945628851076, 0.3678794532313269,
0.36787945685759244, 0.36787945634139774, 0.36787945696547125],
[0.36787945977345965, 0.36787948499933076, 0.36787946069058175,
0.3678794691346456,  0.3678794592005369,  0.36787945615063683,
0.3678794569821748,  0.3678794581197449,  0.3678794554042502,
1.0,                  0.36787945590892723, 0.3678794673770629,
0.3678794533066263,  0.36787945624804325, 0.36787945885810175,
0.36787946681155886, 0.3678794747359829,  0.3678794609905667,
0.3678794565147904,  0.36787945829883045, 0.36787948303491474,
0.3678794634308225,  0.36787945726393284, 0.36787947808406685,
0.3678794553948939,  0.3678794833933554,  0.36787945536841743,
0.3678794590555049,  0.3678794614175528,  0.3678794618589613 ],
[0.36787945612875983, 0.36787945605390554, 0.36787945490577495,
0.36787945430948377, 0.36787945474646155, 0.36787945608711875,
0.3678794556918397,  0.367879454406549,   0.36787945456563054,
0.36787945590892723, 1.0,                  0.36787945549905215,
0.36787945264506583, 0.36787945625794793, 0.3678794559662647,
0.36787945738204647, 0.36787945751198775, 0.36787945509508296,
0.36787945511899245, 0.3678794567241795,  0.3678794570243108,
0.36787945589912896, 0.3678794564606222,  0.3678794557451278,
0.36787945390417587, 0.3678794559389594,  0.36787945421306906,
0.3678794565668258,  0.36787945658528526, 0.3678794561772986 ],
[0.36787946107209313, 0.3678794688567105,  0.3678794605322395,
0.3678794641565621,  0.3678794593039248,  0.3678794562431823,
0.36787945671328326, 0.3678794576916514,  0.36787945569769925,
0.3678794673770629,  0.36787945549905215, 1.0,
0.3678794531722117,  0.3678794564888325,  0.3678794590827153,
0.3678794675664474,  0.36787947192758336, 0.3678794604020954,
0.3678794565179575,  0.3678794584437464,  0.3678794690445916,
0.3678794643567207,  0.3678794570620566,  0.3678794679021254,
0.36787945490078117, 0.3678794683353554,  0.3678794554786597,
0.3678794595246695,  0.3678794616916954,  0.3678794615689679 ],
[0.3678794534805278,  0.3678794535662273,  0.36787945264865096,
0.3678794526660065,  0.3678794527205845,  0.3678794529715876,
0.3678794529809425,  0.36787945291129404, 0.3678794524207433,
0.3678794533066263,  0.36787945264506583, 0.3678794531722117,
1.0,                  0.36787945338961037, 0.36787945348239626,
0.3678794542311461,  0.36787945432964886, 0.3678794530733156,
0.36787945299773495, 0.3678794534450059,  0.3678794537406315,
0.3678794532616514,  0.36787945286506607, 0.36787945340907235,
0.36787945235328506, 0.36787945356418406, 0.36787945212953305,
0.36787945328305766, 0.36787945330852934, 0.3678794536064145 ],
[0.36787945687296664, 0.36787945695050234, 0.3678794557325803,
0.36787945483380585, 0.3678794551591767,  0.3678794584238908,
0.3678794567092569,  0.36787945538676164, 0.3678794560858532,
0.36787945624804325, 0.36787945625794793, 0.3678794564888325,
0.36787945338961037, 1.0,                  0.3678794571819307,
0.36787945908609904, 0.3678794590908096,  0.36787945571989256,
0.3678794562439568,  0.3678794596968153,  0.3678794582295531,
0.3678794570936533,  0.3678794571851754,  0.36787945681668804,
0.3678794543545498,  0.3678794569239471,  0.3678794545681311,
0.36787945756893387, 0.3678794578451593,  0.36787945725634774],
[0.3678794600476013,  0.3678794611934278,  0.36787945889374546,
0.36787945702538083, 0.3678794576433568,  0.36787945689028345,
0.36787945701936914, 0.3678794574691102,  0.36787945675113903,
0.36787945885810175, 0.3678794559662647,  0.3678794590827153,
0.36787945348239626, 0.3678794571819307,  1.0,
0.36787946258254145, 0.36787946290025786, 0.36787945783806725,
0.3678794587919473,  0.36787945905760994, 0.3678794598861942,
0.3678794603192196,  0.36787945719505977, 0.3678794602041458,
0.36787945547339584, 0.3678794604711103,  0.36787945576559405,
0.3678794598579623,  0.3678794596955382,  0.36787946289056817],
[0.3678794639143208,  0.36787946826847473, 0.3678794632085091,
0.36787946313001957, 0.36787946133700467, 0.3678794586304739,
0.36787945920883075, 0.36787945999213784, 0.3678794590823872,
0.36787946681155886, 0.36787945738204647, 0.3678794675664474,
0.3678794542311461,  0.36787945908609904, 0.36787946258254145,
1.0,                  0.36787947850310493, 0.36787946280440115,
0.36787945890664747, 0.36787946170079333, 0.3678794697197396,
0.36787946753983397, 0.36787945910298386, 0.36787946789603576,
0.3678794561180111,  0.3678794684872378,  0.367879456787117,
0.3678794629737353,  0.3678794652314335,  0.36787946586069115],
[0.36787946421775986, 0.3678794771275641,  0.3678794637590735,
0.3678794702294268,  0.36787946162649826, 0.3678794587317726,
0.36787945949798767, 0.3678794601862768,  0.3678794588556995,
0.3678794747359829,  0.36787945751198775, 0.36787947192758336,
0.36787945432964886, 0.3678794590908096,  0.36787946290025786,
0.36787947850310493, 1.0,                  0.36787946309174907,
0.3678794589466401,  0.36787946185935616, 0.3678794798504636,
0.3678794678901052,  0.3678794591796112,  0.367879476750818,
0.36787945646374764, 0.36787947781205615, 0.36787945699072455,
0.3678794631690361,  0.3678794655985151,  0.36787946666376786],
[0.3678794588677571,  0.36787946134948296, 0.3678794597719314,
0.36787945890142765, 0.367879460450576,   0.3678794553540387,
0.36787945594566235, 0.367879457698512,   0.3678794545921596,
0.3678794609905667,  0.36787945509508296, 0.3678794604020954,
0.3678794530733156,  0.36787945571989256, 0.36787945783806725,
0.36787946280440115, 0.36787946309174907, 1.0,
0.3678794564128693,  0.36787945727677923, 0.3678794617838177,
0.3678794610044478,  0.3678794562614998,  0.36787946110611397,
0.3678794552939464,  0.36787946124133153, 0.36787945496351176,
0.36787945821686746, 0.36787946037967334, 0.36787946025346163],
[0.36787945713235704, 0.3678794580899843,  0.36787945662253874,
0.3678794549427354,  0.3678794556606412,  0.3678794556970197,
0.3678794560286875,  0.3678794554643214,  0.3678794555581053,
0.3678794565147904,  0.36787945511899245, 0.3678794565179575,
0.36787945299773495, 0.3678794562439568,  0.3678794587919473,
0.36787945890664747, 0.3678794589466401,  0.3678794564128693,
1.0,                  0.3678794568527234,  0.36787945719443066,
0.36787945731161115, 0.3678794559156388,  0.3678794576011704,
0.36787945479023276, 0.3678794573240799,  0.36787945465319316,
0.367879457191388,   0.36787945698982927, 0.3678794585053156 ],
[0.36787945878229145, 0.3678794589689296,  0.3678794574457266,
0.36787945627201873, 0.3678794569266919,  0.3678794580007068,
0.3678794580375368,  0.36787945753997575, 0.36787945633429026,
0.36787945829883045, 0.3678794567241795,  0.3678794584437464,
0.3678794534450059,  0.3678794596968153,  0.36787945905760994,
0.36787946170079333, 0.36787946185935616, 0.36787945727677923,
0.3678794568527234,  1.0,                  0.3678794609112182,
0.367879458863148,   0.3678794580540459,  0.36787945882272066,
0.3678794553931343,  0.3678794588889788,  0.3678794554872273,
0.3678794596234976,  0.3678794598290855,  0.36787945931450244],
[0.36787946155576684, 0.3678794813784296,  0.3678794616256086,
0.36787947006046073, 0.36787946033234925, 0.36787945784310927,
0.36787945947546435, 0.36787945915325604, 0.36787945658358195,
0.36787948303491474, 0.3678794570243108,  0.3678794690445916,
0.3678794537406315,  0.3678794582295531,  0.3678794598861942,
0.3678794697197396,  0.3678794798504636,  0.3678794617838177,
0.36787945719443066, 0.3678794609112182,  1.0,
0.36787946457557297, 0.3678794584398611,  0.36787948043370317,
0.36787945593624627, 0.36787948166469564, 0.36787945626304186,
0.36787946135902455, 0.3678794637341348,  0.36787946312007946],
[0.36787946300574614, 0.3678794653769027,  0.3678794619655285,
0.3678794607059337,  0.3678794600715867,  0.36787945693281227,
0.36787945681869744, 0.36787945840079345, 0.36787945633512587,
0.3678794634308225,  0.36787945589912896, 0.3678794643567207,
0.3678794532616514,  0.3678794570936533,  0.3678794603192196,
0.36787946753983397, 0.3678794678901052,  0.3678794610044478,
0.36787945731161115, 0.367879458863148,   0.36787946457557297,
1.0,                  0.3678794581630706,  0.36787946480122713,
0.3678794550884157,  0.3678794651906041,  0.36787945550486584,
0.3678794601205978,  0.36787946241465086, 0.3678794624781733 ],
[0.36787945769496855, 0.3678794573580585,  0.3678794563076675,
0.36787945520793147, 0.3678794560093405,  0.367879457700272,
0.36787945642005304, 0.36787945539283196, 0.3678794552663508,
0.36787945726393284, 0.3678794564606222,  0.3678794570620566,
0.36787945286506607, 0.3678794571851754,  0.36787945719505977,
0.36787945910298386, 0.3678794591796112,  0.3678794562614998,
0.3678794559156388,  0.3678794580540459,  0.3678794584398611,
0.3678794581630706,  1.0,                  0.3678794571460143,
0.3678794546214856,  0.3678794574580284,  0.3678794549488565,
0.3678794577043889,  0.3678794577822784,  0.36787945721928517],
[0.367879461506606,   0.3678794826376938,  0.3678794618186647,
0.36787946875075656, 0.3678794602109442,  0.3678794565844789,
0.3678794572290124,  0.3678794585093415,  0.3678794561544184,
0.36787947808406685, 0.3678794557451278,  0.3678794679021254,
0.36787945340907235, 0.36787945681668804, 0.3678794602041458,
0.36787946789603576, 0.367879476750818,   0.36787946110611397,
0.3678794576011704,  0.36787945882272066, 0.36787948043370317,
0.36787946480122713, 0.3678794571460143,  1.0,
0.367879455398771,   0.3678794816135802,  0.3678794558889001,
0.3678794602777149,  0.367879462392362,   0.3678794632773503 ],
[0.3678794550946592,  0.3678794555533299,  0.36787945473754785,
0.3678794541672006,  0.36787945494463037, 0.36787945414574114,
0.3678794548655761,  0.367879454228694,   0.36787945301431474,
0.3678794553948939,  0.36787945390417587, 0.36787945490078117,
0.36787945235328506, 0.3678794543545498,  0.36787945547339584,
0.3678794561180111,  0.36787945646374764, 0.3678794552939464,
0.36787945479023276, 0.3678794553931343,  0.36787945593624627,
0.3678794550884157,  0.3678794546214856,  0.367879455398771,
1.0,                  0.3678794555088845,  0.367879453969715,
0.36787945523189725, 0.36787945547656015, 0.3678794557461642 ],
[0.3678794613983914,  0.3678794864687562,  0.36787946214715234,
0.3678794691795691,  0.36787946040668335, 0.3678794567247811,
0.36787945725762106, 0.367879458645383,   0.36787945628851076,
0.3678794833933554,  0.3678794559389594,  0.3678794683353554,
0.36787945356418406, 0.3678794569239471,  0.3678794604711103,
0.3678794684872378,  0.36787947781205615, 0.36787946124133153,
0.3678794573240799,  0.3678794588889788,  0.36787948166469564,
0.3678794651906041,  0.3678794574580284,  0.3678794816135802,
0.3678794555088845,  1.0,                  0.3678794559762982,
0.3678794605012591,  0.36787946274979266, 0.3678794631366898 ],
[0.36787945569575364, 0.3678794560647954,  0.3678794549923841,
0.3678794547664713,  0.3678794545830856,  0.36787945454729254,
0.3678794551686674,  0.36787945412547757, 0.3678794532313269,
0.36787945536841743, 0.36787945421306906, 0.3678794554786597,
0.36787945212953305, 0.3678794545681311,  0.36787945576559405,
0.367879456787117,   0.36787945699072455, 0.36787945496351176,
0.36787945465319316, 0.3678794554872273,  0.36787945626304186,
0.36787945550486584, 0.3678794549488565,  0.3678794558889001,
0.367879453969715,   0.3678794559762982,  1.0,
0.36787945586734955, 0.3678794557907642,  0.36787945613105716],
[0.36787946042219444, 0.36787946062630233, 0.3678794589835736,
0.3678794570705866,  0.36787945808147104, 0.36787945762774354,
0.3678794576587295,  0.367879456884659,   0.36787945685759244,
0.3678794590555049,  0.3678794565668258,  0.3678794595246695,
0.36787945328305766, 0.36787945756893387, 0.3678794598579623,
0.3678794629737353,  0.3678794631690361,  0.36787945821686746,
0.367879457191388,   0.3678794596234976,  0.36787946135902455,
0.3678794601205978,  0.3678794577043889,  0.3678794602777149,
0.36787945523189725, 0.3678794605012591,  0.36787945586734955,
1.0,                  0.367879462123411,   0.36787946073305583],
[0.36787946112561926, 0.36787946259234156, 0.36787946079202083,
0.36787945917837,    0.36787946033084074, 0.3678794576169888,
0.36787945776331504, 0.3678794582723954,  0.36787945634139774,
0.3678794614175528,  0.36787945658528526, 0.3678794616916954,
0.36787945330852934, 0.3678794578451593,  0.3678794596955382,
0.3678794652314335,  0.3678794655985151,  0.36787946037967334,
0.36787945698982927, 0.3678794598290855,  0.3678794637341348,
0.36787946241465086, 0.3678794577822784,  0.367879462392362,
0.36787945547656015, 0.36787946274979266, 0.3678794557907642,
0.367879462123411,   1.0,                  0.3678794622357906 ],
[0.3678794615804409,  0.36787946437966157, 0.3678794614628297,
0.3678794593475623,  0.3678794599257102,  0.3678794568532814,
0.36787945760371726, 0.3678794588358133,  0.36787945696547125,
0.3678794618589613,  0.3678794561772986,  0.3678794615689679,
0.3678794536064145,  0.36787945725634774, 0.36787946289056817,
0.36787946586069115, 0.36787946666376786, 0.36787946025346163,
0.3678794585053156,  0.36787945931450244, 0.36787946312007946,
0.3678794624781733,  0.36787945721928517, 0.3678794632773503,
0.3678794557461642,  0.3678794631366898,  0.36787945613105716,
0.36787946073305583, 0.3678794622357906,  1.0                 ]]